0 17 417.12
0 22 872.4
0 27 394.23
0 32 269.8
0 48 570.36
0 48 49 1179.13
0 27 71 533.75
0 22 74 1103.77
0 48 49 80 1940.28
0 22 74 81 1442.23
1 37 1487.6
1 55 1679.8
1 77 3075.51
1 37 78 3086.49
1 77 81 4652.59
1 84 2342.12
2 15 591.41
2 15 42 1001.83
2 15 47 999.69
2 15 42 50 1327.58
2 15 47 52 1355.98
2 15 47 56 1189.13
2 15 42 58 1185.61
2 15 47 52 59 1693.88
2 60 735.79
2 15 47 61 1249.46
2 15 47 61 62 1549.28
2 15 42 65 1371.05
2 68 610.29
2 15 42 69 1420.89
2 15 70 943.31
2 15 42 72 1175.52
2 15 47 75 1355.52
2 15 47 79 1201.13
2 15 70 85 1197.67
3 14 374.9
3 14 16 875.93
3 18 389.46
3 18 38 463.05
3 41 381.43
3 14 16 42 1342.88
3 18 44 559.41
3 14 16 42 47 1744.37
3 14 16 42 50 1668.63
3 14 52 873.07
3 14 16 42 47 56 1933.81
3 14 57 768.35
3 14 16 42 58 1526.66
3 14 52 59 1210.97
3 14 16 42 47 60 1911.2
3 14 52 61 985.33
3 14 62 707.27
3 14 57 64 1269.89
3 14 16 42 65 1712.1
3 18 44 66 872.67
3 18 67 743.37
3 14 62 69 1046.71
3 14 16 42 70 1504.72
3 14 62 69 72 1348.77
3 14 62 75 1053.34
3 14 52 79 1232.52
3 82 293.67
3 14 16 42 85 1592.77
4 17 217.34
4 27 274.48
4 32 657.36
4 48 199
4 48 49 807.77
4 48 71 404.68
4 48 49 80 1568.92
5 16 222.1
5 34 133.9
5 34 36 385.68
5 42 582.48
5 42 47 983.97
5 50 270.85
5 42 47 52 1340.26
5 42 47 56 1173.41
5 57 444.55
5 42 58 766.26
5 42 59 1436.53
5 42 47 60 1150.8
5 42 61 1095.79
5 16 62 694.42
5 57 64 946.09
5 42 65 951.7
5 57 66 848.97
5 57 67 742.37
5 69 415.28
5 42 70 744.32
5 50 72 441.03
5 16 62 75 1040.49
5 42 47 79 1185.41
5 57 67 82 969.76
5 42 85 832.37
7 8 430.16
7 29 347.25
7 77 168.36
7 77 81 1745.44
7 77 84 1712.61
8 29 680.49
8 77 589.58
8 77 81 2166.66
8 77 84 2133.83
9 26 196.14
9 34 217.91
9 36 366.58
9 42 358.43
9 42 47 759.92
9 50 126.97
9 42 47 52 1116.21
9 42 47 56 949.36
9 42 58 542.21
9 42 59 1212.48
9 42 47 60 926.75
9 42 61 871.74
9 36 62 822.52
9 65 237.51
9 50 69 489.41
9 42 70 520.27
9 72 247.53
9 42 61 75 1079.38
9 42 47 79 961.36
9 42 85 608.32
11 29 902.54
11 77 654.56
11 77 81 2231.64
11 83 963.87
11 77 84 2198.81
12 18 100.81
12 38 31.63
12 38 41 251.19
12 44 113.18
12 44 57 627.88
12 44 57 64 1129.42
12 44 66 426.44
12 67 324.51
12 82 379.03
13 15 361.63
13 20 115.87
13 30 198.04
13 42 191.52
13 47 236.39
13 42 50 517.27
13 47 52 592.68
13 47 56 425.83
13 58 185.4
13 47 52 59 930.58
13 47 60 403.22
13 47 61 486.16
13 47 61 62 785.98
13 42 65 560.74
13 69 397.77
13 42 70 353.36
13 58 72 330.84
13 47 75 592.22
13 47 79 437.83
13 85 181.94
14 16 515.03
14 16 42 981.98
14 16 42 47 1383.47
14 16 42 50 1307.73
14 52 512.17
14 16 42 47 56 1572.91
14 57 407.45
14 16 42 58 1165.76
14 52 59 850.07
14 16 42 47 60 1550.3
14 52 61 624.43
14 62 346.37
14 57 64 908.99
14 16 42 65 1351.2
14 57 66 811.87
14 57 67 705.27
14 62 69 685.81
14 16 42 70 1143.82
14 62 69 72 987.87
14 62 75 692.44
14 52 79 871.62
14 82 281.36
14 16 42 85 1231.87
15 42 425.42
15 47 423.28
15 42 50 751.17
15 47 52 779.57
15 47 56 612.72
15 42 58 609.2
15 47 52 59 1117.47
15 47 60 590.11
15 47 61 673.05
15 47 61 62 972.87
15 42 65 794.64
15 42 69 844.48
15 70 366.9
15 42 72 599.11
15 47 75 779.11
15 47 79 624.72
15 70 85 621.26
16 42 482.95
16 42 47 884.44
16 42 50 808.7
16 42 47 52 1240.73
16 42 47 56 1073.88
16 42 58 666.73
16 42 59 1337
16 42 47 60 1051.27
16 42 61 996.26
16 62 488.32
16 42 65 852.17
16 62 69 827.76
16 42 70 644.79
16 42 72 656.64
16 62 75 834.39
16 42 47 79 1085.88
16 42 85 732.84
18 38 91.59
18 41 169.15
18 44 187.95
18 44 57 702.65
18 44 57 64 1204.19
18 44 66 501.21
18 67 371.91
18 82 369.06
19 21 468.43
19 21 23 793.14
19 21 24 747.22
19 21 28 755
19 33 349.35
19 39 415.97
19 42 1435.6
19 46 144.85
19 21 23 47 1034.73
19 33 49 862.36
19 42 50 1761.35
19 21 24 52 1139.71
19 53 311.27
19 21 23 47 56 1224.17
19 39 57 819.38
19 39 58 996.59
19 21 24 52 59 1477.61
19 21 23 47 60 1201.56
19 21 24 61 1055.2
19 21 24 52 62 1334.47
19 39 57 64 1320.92
19 21 23 47 56 65 1632.1
19 39 57 66 1223.8
19 39 57 67 1117.2
19 53 68 817.32
19 39 58 69 1236.6
19 39 58 70 1341.39
19 33 49 71 1605.34
19 39 58 72 1142.03
19 73 319.51
19 21 24 75 919.03
19 53 76 675.86
19 78 687.08
19 21 79 842.64
19 80 212.05
19 39 57 67 82 1344.59
19 53 76 83 1273.92
19 21 23 85 1288.1
20 42 268.52
20 47 219.94
20 42 50 594.27
20 47 52 576.23
20 47 56 409.38
20 58 295.04
20 47 52 59 914.13
20 47 60 386.77
20 47 61 469.71
20 47 61 62 769.53
20 42 65 637.74
20 58 69 535.05
20 70 327.42
20 58 72 440.48
20 47 75 575.77
20 79 415.89
20 85 114.63
21 23 345.71
21 24 299.79
21 28 307.57
21 24 42 1017.66
21 23 47 587.3
21 24 42 50 1343.41
21 24 52 692.28
21 53 243.01
21 23 47 56 776.74
21 23 47 58 915.95
21 24 52 59 1030.18
21 23 47 60 754.13
21 24 61 607.77
21 24 52 62 887.04
21 23 47 56 65 1184.67
21 28 68 654.46
21 24 61 69 903.48
21 23 47 70 919.01
21 23 47 58 72 1061.39
21 24 75 471.6
21 76 312.37
21 79 395.21
21 76 80 663.08
21 76 83 910.43
21 23 85 840.67
22 32 872.18
22 32 48 1506.24
22 32 48 49 2115.01
22 32 71 1363.09
22 74 253.37
22 32 48 49 80 2876.16
22 74 81 591.83
23 24 265.94
23 28 265.94
23 24 42 983.81
23 47 264.59
23 24 42 50 1309.56
23 52 448.92
23 24 53 763.34
23 47 56 454.03
23 47 58 593.24
23 52 59 786.82
23 47 60 431.42
23 61 345.08
23 52 62 643.68
23 47 56 65 861.96
23 28 68 612.83
23 61 69 640.79
23 47 70 596.3
23 47 58 72 738.68
23 24 75 437.75
23 24 53 76 1127.93
23 79 90.68
23 24 53 76 80 1478.64
23 24 53 76 83 1725.99
23 85 517.96
24 28 338.16
24 42 741.87
24 47 346.35
24 42 50 1067.62
24 52 416.49
24 53 521.4
24 47 56 535.79
24 47 58 675
24 52 59 754.39
24 47 60 513.18
24 61 331.98
24 52 62 611.25
24 47 56 65 943.72
24 28 68 685.05
24 61 69 627.69
24 47 70 678.06
24 47 58 72 820.44
24 75 195.81
24 53 76 885.99
24 79 146.24
24 53 76 80 1236.7
24 53 76 83 1484.05
24 47 85 634.01
25 42 1113.57
25 42 47 1515.06
25 42 50 1439.32
25 42 47 52 1871.35
25 56 618.74
25 42 58 1297.35
25 42 59 1967.62
25 60 851.17
25 42 61 1626.88
25 42 62 1839.22
25 56 65 1026.67
25 42 69 1532.63
25 42 70 1275.41
25 42 72 1287.26
25 42 61 75 1834.52
25 42 47 79 1716.5
25 42 85 1363.46
26 42 189.79
26 42 47 591.28
26 50 197.53
26 42 47 52 947.57
26 42 47 56 780.72
26 42 58 373.57
26 42 59 1043.84
26 42 47 60 758.11
26 42 61 703.1
26 42 62 915.44
26 65 298.35
26 50 69 559.97
26 42 70 351.63
26 72 121.03
26 42 61 75 910.74
26 42 47 79 792.72
26 42 85 439.68
27 32 458.77
27 48 229.35
27 48 49 838.12
27 71 166.52
27 48 49 80 1599.27
28 47 450.77
28 47 52 807.06
28 47 56 640.21
28 47 58 779.42
28 47 52 59 1144.96
28 47 60 617.6
28 47 61 700.54
28 47 61 62 1000.36
28 47 56 65 1048.14
28 68 374.89
28 47 61 69 996.25
28 47 70 782.48
28 47 58 72 924.86
28 75 512.19
28 79 337.53
28 47 85 738.43
29 77 279.59
29 77 81 1856.67
29 77 84 1823.84
30 42 331.21
30 47 275.82
30 42 50 656.96
30 47 52 632.11
30 47 56 465.26
30 42 58 514.99
30 47 52 59 970.01
30 47 60 442.65
30 47 61 525.59
30 47 61 62 825.41
30 42 65 700.43
30 42 69 750.27
30 42 70 493.05
30 42 72 504.9
30 47 75 631.65
30 47 79 477.26
30 85 93.29
31 40 131.78
31 44 438.26
31 40 57 423.79
31 40 57 64 925.33
31 66 203.33
31 67 266.14
31 67 82 493.53
32 48 666.06
32 48 49 1274.83
32 71 522.91
32 48 49 80 2035.98
33 46 459.79
33 49 546.01
33 46 53 1500.94
33 46 53 68 2006.99
33 49 71 1288.99
33 73 223.46
33 46 53 76 1865.53
33 73 78 695.37
33 80 282.8
33 46 53 76 83 2463.59
34 36 285.78
34 42 491.13
34 42 47 892.62
34 50 171.78
34 42 47 52 1248.91
34 42 47 56 1082.06
34 42 58 674.91
34 42 59 1345.18
34 42 47 60 1059.45
34 42 61 1004.44
34 36 62 741.72
34 42 65 860.35
34 36 69 411.64
34 42 70 652.97
34 50 72 341.96
34 36 62 75 1087.79
34 42 47 79 1094.06
34 42 85 741.02
36 42 408.4
36 42 47 809.89
36 50 276.32
36 42 47 52 1166.18
36 42 47 56 999.33
36 42 58 592.18
36 42 59 1262.45
36 42 47 60 976.72
36 42 61 921.71
36 62 491.94
36 42 65 777.62
36 69 161.86
36 42 70 570.24
36 50 72 446.5
36 62 75 838.01
36 42 47 79 1011.33
36 42 85 658.29
37 78 1635.89
37 84 1206.96
38 41 257.56
38 44 141.67
38 44 57 656.37
38 44 57 64 1157.91
38 44 66 454.93
38 67 346.29
38 82 389.71
39 57 442.41
39 58 619.62
39 58 61 975.75
39 58 61 62 1275.57
39 57 64 943.95
39 57 66 846.83
39 57 67 740.23
39 58 69 859.63
39 58 70 964.42
39 58 72 765.06
39 58 61 75 1183.39
39 58 61 79 1230.3
39 57 67 82 967.62
39 58 85 952.92
40 44 346.88
40 57 332.01
40 57 64 833.55
40 66 157.83
40 67 195.06
40 67 82 422.45
41 44 361.57
41 44 57 876.27
41 44 57 64 1377.81
41 44 66 674.83
41 44 67 578.6
41 82 490.4
42 47 443.49
42 50 367.75
42 47 52 799.78
42 47 56 632.93
42 58 225.78
42 59 896.05
42 47 60 610.32
42 61 555.31
42 62 767.65
42 65 411.22
42 69 461.06
42 70 203.84
42 72 215.69
42 61 75 762.95
42 47 79 644.93
42 85 291.89
43 54 847.85
43 54 60 1148.16
43 54 60 70 1620.76
43 54 60 70 72 1936.04
43 54 60 70 85 1875.12
44 57 558.7
44 57 64 1060.24
44 66 357.26
44 67 261.03
44 82 362.3
45 68 716.63
46 53 1087.15
46 53 68 1593.2
46 53 76 1451.74
46 53 76 80 1802.45
46 53 76 83 2049.8
47 52 403.29
47 56 236.44
47 58 375.65
47 52 59 741.19
47 60 213.83
47 61 296.77
47 61 62 596.59
47 56 65 644.37
47 61 69 592.48
47 70 378.71
47 58 72 521.09
47 75 402.83
47 79 248.44
47 85 334.66
48 49 656.77
48 71 253.68
48 49 80 1417.92
49 71 791.98
49 80 810.15
50 69 412.44
50 72 220.18
51 59 423.53
51 59 61 765.5
51 59 62 756.02
51 59 61 69 1061.21
51 59 61 69 72 1363.27
51 59 75 591.7
51 76 383.64
51 59 79 799.34
51 80 611.35
51 76 83 981.7
52 59 389.9
52 61 164.26
52 62 246.76
52 69 297.25
52 69 72 599.31
52 75 305.16
52 79 411.45
53 68 559.05
53 76 417.59
53 76 80 768.3
53 76 83 1015.65
54 60 354.31
54 60 70 826.91
54 60 70 72 1142.19
54 60 70 85 1081.27
55 77 1782.07
55 77 81 3359.15
55 77 84 3326.32
56 60 317.81
56 65 463.93
56 60 70 790.41
56 60 70 72 1105.69
56 60 70 85 1044.77
57 64 558.54
57 66 461.42
57 67 354.82
57 67 82 582.21
58 61 414.13
58 61 62 713.95
58 69 298.01
58 70 402.8
58 72 203.44
58 61 75 621.77
58 61 79 668.68
58 85 391.3
59 61 400.97
59 62 391.49
59 61 69 696.68
59 61 69 72 998.74
59 75 227.17
59 79 434.81
60 70 532.6
60 70 72 847.88
60 70 85 786.96
61 62 360.82
61 69 356.71
61 69 72 658.77
61 75 268.64
61 79 315.55
62 69 401.44
62 69 72 703.5
62 75 408.07
62 75 79 814.11
63 64 121.46
63 64 67 740.05
63 64 67 82 967.44
64 67 682.59
64 67 82 909.98
65 70 399
65 70 72 714.28
65 70 85 653.36
66 67 307.33
66 67 82 534.72
67 82 294.39
69 72 371.06
70 72 385.28
70 85 324.36
73 78 544.91
74 81 412.46
75 79 481.04
76 80 426.71
76 83 674.06
77 81 1654.08
77 84 1621.25
